Frames used for calibration: 30 	 RMS = 0.264915
F = 771.641 +- 2.55994
Cx = 637.112 +- 0.825502 	Cy = 366.454 +- 0.852864
K1 = 0.0919277 +- 0.00581464
K2 = -0.205189 +- 0.0218697
K3 = 0.0733608 +- 0.0264993
TD1 = 0 +- 0
TD2 = 0 +- 0
