Frames used for calibration: 30 	 RMS = 0.282003
F = 758.343 +- 3.31648
Cx = 635.734 +- 1.19502 	Cy = 367.756 +- 0.979168
K1 = 0.0888623 +- 0.00573544
K2 = -0.234587 +- 0.0185077
K3 = 0.114725 +- 0.0178456
TD1 = 0 +- 0
TD2 = 0 +- 0
Frame 26 is worst

